0 289
290 809
810 1066
1067 1295
1296 1477
1479 2002
2004 2082
2084 2136
2137 2233
2234 3217
3218 3467
3468 3759
3760 3843
3844 3898
3899 3948
3949 4411
4412 4601
4602 4827
4828 4912
4913 5175
5176 5415
5416 5520
5521 5593
5594 5683
5684 5775
5776 5875
5876 5998
5999 6180
6181 6246
6247 6409
6410 7315
7316 7795
7796 7919
7920 7993
7994 8031
8032 8242
8243 8355
8356 8424
8425 8487
8488 8529
8530 8599
8600 8669
8670 8754
8755 8937
8938 9106
9107 9207
9208 9269
9270 9346
9347 10387
10388 10594
10595 10698
10699 10879
10880 11293
11294 11419
11420 11511
11512 11691
11692 11811
11812 11871
11872 11922
11923 12325
12326 12427
12428 12670
12671 12802
12803 12899
12900 13008
13010 13109
13110 13375
13376 13417
13418 13613
13614 13927
13928 14014
14015 14695
14696 14754
14755 14787
14788 14823
14824 14880
14881 15415
15416 15583
15584 15730
15731 16159
16160 16517
16518 16567
16568 16609
16610 16961
16962 17047
17048 18112
18113 18247
18248 18681
18682 18733
18734 18819
18820 19168
19169 19927
19928 20098
20099 20295
20296 20665
20666 21329
21330 21922
21923 22186
22187 23463
23464 24519
24520 25129
25130 25609
25610 28095
28096 28186
28187 28288
28289 29379
29380 29562
29563 29767
29768 29835
29836 29895
29897 29971
29972 30511
30512 30900
30901 32344
32345 32574
32575 32616
32617 33149
33150 34018
34019 34563
34564 34753
34754 34849
34850 35106
35107 35609
35610 35789
35790 35920
35921 36735
36736 36849
36850 37578
37579 37750
37751 39689
39691 39759
39760 40147
40148 40236
40237 40320
40321 40345
40346 40349
40350 41569
41570 42351
42352 42435
42436 42472
42473 44053
44054 44350
44351 44410
44411 44464
44465 45007
45008 45129
45130 45231
45232 45318
45319 45394
45395 45559
45560 45871
45872 45966
45967 46171
46172 46258
46259 46323
46324 46366
46367 46401
46402 46503
46504 46903
46904 47005
47006 47107
47108 47166
47167 47203
47204 47323
47324 47403
47404 47826
47827 48745
48746 48778
48779 48849
48850 49051
49052 49140
49141 49296
49297 49404
49405 49465
49466 49504
49505 49537
49538 49597
49598 49666
49667 49759
49760 50003
50004 50040
50041 50371
50372 50506
50507 50545
50546 50712
50713 50849
50850 51067
51068 51363
51364 51403
51404 51823
51824 51967
51968 52384
52385 52536
52537 52986
52987 53425
53426 53719
53720 54142
54143 54325
54326 54471
54472 54555
54556 54759
54760 55049
55050 55205
55206 55591
55592 56266
56267 56580
56581 56617
56618 57025
57026 57166
57167 57217
57218 57387
57388 57553
57554 58134
58135 58186
58187 58231
58232 58367
58368 58480
58481 59295
59296 59580
59581 59731
59732 60091
60092 60283
60284 60337
60338 60907
60908 61456
61457 61546
61547 62626
62627 64767
64769 64891
64892 66279
66280 66634
66635 66759
66760 67057
67058 68562
68563 69313
69314 69375
69376 69427
69428 69471
69472 69499
69500 69568
69569 69942
69943 70041
70042 70158
70159 70243
70244 70332
70333 70486
70487 70591
70592 70627
70628 70654
70655 70679
70680 70782
70783 70810
70811 70962
70963 71002
71003 71038
71039 71069
71070 71121
71122 71159
71160 71215
71216 71249
71250 71279
71280 71809
71810 74387
74388 74559
74560 74645
74646 74691
74692 74752
74753 74977
74978 75190
75191 75543
75544 76079
76080 76443
76444 76633
76634 77225
77226 77775
77776 78137
78138 78583
78584 78649
78650 78798
78799 79507
79508 82551
82552 82594
82595 82734
82735 83422
83423 84648
84649 87174
87175 88698
88699 89875
89876 90147
90148 90318
90319 90659
90660 90826
90827 91143
91144 91450
91451 91674
91675 92659
92660 92935
92936 93016
93017 93139
93140 93223
93224 93759
93760 94059
94060 94506
94507 95379
95380 95449
95450 95559
95560 96075
96076 96226
96227 96418
96419 96480
96481 96599
96600 96780
96781 98735
98736 98797
98798 98914
98915 98969
98970 99073
99074 99163
99164 99265
99266 99449
99450 99619
99620 99768
99769 100158
100159 100273
100274 100527
100528 100648
100649 100794
100795 101103
101104 103359
103360 103849
103850 104235
104236 104238
104239 104825
104826 105160
105161 105235
105236 105581
105582 105762
105763 105891
105892 106025
106026 106207
106208 106417
106418 106927
106928 107055
107056 107106
107107 107137
107138 107166
107167 107271
107272 107319
107320 107355
107356 107609
107610 107639
107640 107699
107700 107847
107848 107863
107864 107886
107887 107933
107934 107953
107954 107977
107978 108001
108002 108034
108035 108167
108168 108195
108196 108247
108248 108298
108299 108337
108338 108375
108376 108447
108448 108490
108491 108603
108604 108658
108659 109042
109043 109155
109156 109176
109177 109201
109202 109242
109243 109285
109286 109411
109412 109507
109508 109695
109696 110520
110521 110615
110616 111154
111155 111234
111235 111663
111664 111841
111842 112032
112033 112626
112627 112794
112795 112993
112994 113173
113174 114346
114347 114426
114427 114483
114484 114838
114839 114970
114971 116134
116135 116177
116178 117058
117059 117858
117859 118314
118315 118402
118403 118858
118859 119106
119107 119146
119147 119713
119714 119785
119786 119923
119924 119986
119987 120112
120113 120235
120236 120399
120400 120689
120690 121087
121088 121241
121242 121635
121636 122842
122843 123145
123146 123393
123394 124025
124026 124183
124184 124579
124580 124671
124672 124803
124804 124873
124874 125001
125002 125071
125072 125152
125153 125218
125219 125280
125281 126211
126212 126642
126643 126701
126702 127897
127898 128112
128113 128238
128239 129006
129007 129057
129058 129319
129320 129409
129410 129505
129506 129523
129524 129577
129578 129659
129660 130030
130031 130284
130285 130351
130352 130541
130542 130630
130631 130794
130795 131049
131050 131189
131190 131542
131543 131619
131620 132475
132476 132603
132604 134811
134812 134999
135000 135123
135124 135201
135202 135523
135524 135583
135584 135629
135630 135682
135683 135774
135775 135815
