0 150
151 728
730 906
908 940
942 1721
1724 1916
1917 2050
2051 2259
2260 2410
2411 2551
2552 2841
2842 2890
2891 2966
2967 3061
3062 3154
3155 3207
3208 3367
3368 3482
3483 3523
3524 3610
3611 3737
3738 3859
3860 3931
3932 3994
3995 4153
4154 4274
4275 4428
4429 4504
4505 4575
4576 4678
4679 4803
4804 4997
4998 5058
5059 5131
5132 5193
5194 5263
5264 5513
5514 5758
5759 5906
5907 6223
6224 6480
6482 6552
6553 6670
6672 6789
6790 6859
6860 6932
6933 7060
7061 7138
7139 7255
7256 7300
7301 7362
7363 7499
7500 7745
7746 7876
7877 8033
8034 8092
8093 8136
8137 8197
8198 8335
8336 8412
8413 8523
8524 8658
8659 8834
8835 8933
8934 9099
9101 9185
9186 9270
9271 9342
9343 9722
9723 9817
9818 10134
10135 10258
10259 10324
10325 10680
10681 10768
10770 10865
10867 10933
10934 10985
10986 11046
11047 11085
11086 11163
11164 11251
11252 11341
11342 11544
11545 11670
11671 11752
11753 11858
11859 11958
11959 12000
12001 12170
12171 12223
12224 12276
12277 12331
12332 12372
12373 12442
12443 12563
12564 12627
12628 12728
12729 12798
12799 13117
13119 13418
13419 13445
13446 13514
13516 13605
13606 13704
13705 13782
13783 13887
13888 13973
13974 14073
14074 14388
14389 14483
14484 14568
14569 14651
14652 14955
14956 15033
15034 15117
15118 15204
15205 15235
15236 15267
15268 15306
15307 15441
15442 15521
15522 15588
15589 15625
15626 15683
15684 15742
15743 15796
15797 15863
15864 16004
16005 16040
16042 16077
16078 16115
16116 16156
16157 16318
16319 16791
16792 16866
16867 16960
16961 17035
17036 17113
17114 17167
17168 17231
17232 17267
17268 17299
17300 17332
17333 17350
17351 17461
17462 17583
17584 17860
17861 17957
17958 18144
18145 18336
18337 18638
18639 18752
18753 18811
18812 18989
18990 19173
19174 19236
19237 19409
19410 19467
19468 19520
19521 19611
19612 19663
19664 19703
19704 19782
19783 19832
19833 19914
19915 19983
19984 20104
20105 20171
20172 20261
20262 20330
20331 20335
20336 20395
20396 20497
20498 20564
20565 21386
21387 21569
21570 21610
21611 21700
21701 21986
21987 22033
22035 24367
24368 25017
25018 25356
25357 25373
25374 25548
25549 25581
25582 25698
25699 25825
25826 25934
25935 26015
26016 26046
26047 26336
26337 26371
26372 26557
26558 26613
26614 26671
26672 26770
26771 26844
26845 26975
26976 27088
27089 27152
27153 27230
27231 27299
27300 27367
27368 27446
27447 27527
27528 27594
27595 27669
27670 27706
27707 27760
27761 27830
27831 27934
27935 28272
28274 28358
28359 28556
28557 28606
28608 28670
28671 28953
28954 29446
29447 29477
29480 29963
29965 29996
29997 30377
30378 30432
30433 30631
30632 30813
30814 31219
31220 31307
31308 31410
31411 31972
31973 32344
32345 32480
32481 32611
32612 32681
32682 33298
33299 33388
33389 33585
33586 34224
34225 34538
34539 34629
34630 34767
34768 35050
35051 36450
36451 36645
36646 36688
36689 36804
36805 36879
36880 36909
36910 38411
38412 42548
42549 42550
42551 42625
42626 42689
42690 42779
42780 42897
42899 42956
42957 43098
43099 43125
43126 43167
43168 43231
43232 43372
43373 43601
43603 43758
43759 43854
43855 43961
43962 44321
44322 44495
44496 44598
44599 44715
44716 44909
44910 45023
45024 45160
45161 45329
45330 45385
45387 45736
45737 45880
45882 45954
45955 45971
45972 45990
45991 46210
46211 46281
46282 46356
46357 46471
46472 46661
46662 47065
47066 47307
47308 47579
47580 47734
47735 47886
47887 48092
48093 48177
48178 48384
48385 48575
48577 48750
48751 48873
48874 49015
49016 49075
49076 49187
49188 49287
49288 49362
49363 49409
49410 49530
49531 49752
49753 49944
49945 50119
50120 50183
50184 50273
50274 50431
50433 50858
50859 51015
51016 51148
51149 51302
51303 51341
51342 52465
52466 52669
52670 52700
52702 52808
52809 52840
52841 52966
52967 53001
53002 53131
53132 53179
53180 53304
53305 53656
53658 53691
53692 53767
53768 53811
53812 53869
53871 53949
53950 53999
54000 54064
54065 54125
54127 54270
54271 54396
54397 54490
54491 54583
54584 55249
55250 56341
56342 56489
56490 56529
56530 56570
56571 56610
56611 56640
56641 56702
56703 56739
56740 56766
56767 56792
56793 56834
56835 56925
56926 56965
56966 57059
57061 57282
57283 57419
57421 57458
57459 57499
57500 57536
57537 57576
57577 57616
57617 57656
57657 57696
57697 57736
57737 57776
57777 57816
57817 57855
57856 57922
57923 57974
57975 58026
58027 58400
58401 58484
58485 58830
58831 58878
58879 59022
59023 59261
59263 59304
59305 59472
59473 59604
59605 59932
59933 60013
60014 60016
60017 60018
60020 60099
60100 60216
60217 60329
60330 60482
60483 60762
60763 60793
60794 60823
60824 60849
60850 60906
60907 60937
60938 60977
60978 61021
61022 61049
61050 61120
61121 61189
61190 61258
61259 61295
61296 61343
61345 61438
61439 61528
61529 61638
61639 61802
61803 61880
61881 62040
62041 62214
62215 62636
62637 62869
62871 63127
63128 63165
63166 63263
63264 63325
63326 63333
63334 63391
63392 63617
63618 63640
63641 63716
63717 63762
63763 63826
63827 63856
63857 64029
64030 64422
64423 64636
64637 64664
64665 64719
64720 65571
65572 67153
67154 67195
67196 67378
67379 67513
67514 67636
67637 68042
68043 68433
68434 68710
68711 68883
68884 69143
69144 69411
69412 69523
69525 69620
69621 69729
69730 69828
69829 69942
69943 70047
70048 70156
70157 70261
70262 70340
70341 70517
70518 70562
70563 70802
70803 71014
71015 71918
71919 72086
72087 72416
72417 72868
72869 73080
73082 73217
73218 73325
73326 73549
73550 73607
73608 74158
74159 74192
74194 74358
74359 74942
74943 75482
75483 75804
75805 75918
75919 76080
76081 76292
76293 76351
76352 76413
76414 76707
76708 76774
76775 76855
76856 77236
77237 77670
77671 77826
77827 77925
77926 78193
78194 78308
78309 78376
78377 78454
78455 78690
78692 79045
79046 79125
79127 79193
79194 79266
79267 79333
79334 79404
79405 79448
79449 80047
80048 80158
80159 80270
80271 81411
81412 81870
81871 82063
82064 82181
82182 82322
82323 82604
82605 82666
82667 82732
82733 82822
82823 82944
82945 83107
83108 83194
83195 83292
83294 83384
83385 83494
83495 83567
83568 83743
83744 83926
83927 83992
83993 84040
84041 84067
84068 84090
84091 84152
84153 84235
84236 84299
84300 84375
84376 84562
84564 85528
85530 85564
85565 85819
85820 85845
85846 85877
85878 85939
85940 86261
86262 86496
86497 86708
86709 87504
87505 87801
87802 88559
88560 88640
88641 89251
89252 89529
89530 90300
90301 90393
90394 90456
90457 90754
90756 90843
90844 90956
90957 91119
91120 91184
91185 91318
91319 91421
91422 91568
91569 91628
91629 91704
91705 91930
91931 92725
92726 93279
93280 93445
93446 93467
93468 93675
93676 93699
93700 93950
93951 94072
94073 94185
94186 94261
94262 94360
94362 94420
94421 94497
94498 94535
94536 94614
94615 94680
94681 94744
94745 94796
94797 94841
94842 94891
94892 94943
94944 95385
95386 95446
95447 95575
95576 95636
95637 95663
95664 95798
95799 95960
95961 96004
96005 96039
96040 96099
96100 96199
96200 96270
96271 96324
96325 96381
96382 96441
96442 96554
96555 96609
96610 96683
96684 96731
96732 96849
96850 96927
96928 96992
96993 97105
97106 97221
97222 97488
97489 97626
97627 97805
97806 98044
98045 98098
