0 12
14 165
166 638
639 3406
3408 4109
4110 4153
4155 4934
4936 5280
5281 6369
6371 7950
7951 7952
7953 8355
8356 8715
8716 10932
10933 12113
12114 12988
12989 13743
13744 13849
13851 14168
14169 14794
14795 16062
16063 16345
16346 16360
16361 17719
17720 18004
18005 19139
19140 19820
19822 20103
20104 20350
20351 21293
21294 21832
21833 23195
23196 23990
23991 23992
23993 25314
25316 25937
25938 26412
26413 27003
27004 29504
29505 29797
29798 29799
29800 29879
29880 30001
30002 30003
30004 30085
30086 30110
30111 30157
30158 31012
31014 31230
31231 31655
31656 33314
33316 33494
33495 33697
33698 33805
33806 33928
33930 34255
34256 34295
34296 34457
34458 34579
34581 34668
34670 34823
34824 34984
34985 35055
35056 35140
35141 35174
35175 35185
35186 35204
35205 35225
35226 35480
35481 36198
36200 36338
36339 36427
36428 37600
37601 38597
38598 40064
40065 41104
41105 41293
41294 41459
41461 41708
41710 42433
42435 43174
43175 43235
43236 43237
43238 43448
43450 43564
43565 43680
43681 44019
44020 44260
44261 44262
44263 44495
44496 44614
44616 44830
44831 45992
45993 46320
46321 46647
46648 46789
46790 47484
47485 48749
48750 48967
48968 49217
49218 49567
49568 50750
50751 51219
51221 51300
51301 51302
51303 51985
51986 53034
53035 53077
53078 53079
53080 53504
53505 53569
53570 53730
53731 54652
54653 57137
57138 57392
57393 57458
57459 57685
57686 57773
57775 57827
57828 57993
57995 58023
58024 58277
58278 58305
58306 58372
58373 58499
58500 58550
58551 59684
59685 62179
62180 62268
62269 62714
62715 65742
65743 65886
65888 66935
66936 67012
67013 67139
67140 67185
67186 67364
67365 67428
67429 67707
67708 67742
67743 68039
68040 68088
68089 68282
68283 68635
68636 70149
70150 70868
70869 70925
70926 71712
71713 72230
72231 72232
72233 72815
72816 73124
73125 73251
73253 73432
73433 73599
73600 73675
73676 73709
73710 73734
73735 73854
73855 73887
73888 73925
73926 74429
74430 75255
75256 75257
75258 75455
75456 76784
76785 76857
76860 76933
76935 76967
76970 77025
77026 77121
77123 77205
77206 77342
77345 77394
77396 77955
77956 79659
79660 80029
80030 80422
80423 80502
80503 80562
80563 80804
80805 80954
80955 81319
81320 81983
81984 82099
82100 82133
82134 82233
82234 82288
82289 82445
82446 82862
82864 82975
82976 83172
83173 83279
83280 83590
83591 83592
83593 83732
83733 83765
83766 84375
84376 84405
84406 84439
84440 84452
84453 84844
84845 84943
84945 85222
85223 85434
85435 85542
85543 87212
87213 87362
87363 87620
87621 87689
87690 87789
87790 87952
87953 88360
88361 88405
88406 88468
88469 88559
88561 88700
88701 88782
88783 88924
88925 89095
89096 89618
89619 89999
90000 91539
91540 91835
91836 92005
92006 92079
92080 92155
92156 92349
92351 92898
92899 93630
93631 94544
94545 94658
94659 94698
94699 95494
95495 96483
96484 96948
96949 97037
97038 97192
97193 97265
97266 97729
97730 99688
99689 102428
102429 102684
102685 103489
103490 104813
104814 109917
109918 112242
112244 112707
112708 112960
112961 113515
113516 113530
113531 113532
113533 113550
113551 113594
113596 113762
113763 113837
113838 114094
114095 114908
114909 117184
117185 117462
117463 118360
118361 118637
118638 118690
118691 119029
119031 119094
119095 119433
119435 119489
119491 120289
120290 121149
121150 121740
121741 122590
122591 123479
123480 124225
124226 124299
124300 124470
124471 124889
124891 125423
125425 126164
126165 127230
127231 127232
127233 127374
127375 128104
128105 128398
128399 128743
128744 129253
129254 129568
129570 129920
129921 131402
131403 131562
131563 131990
131991 132705
132706 133710
133711 134235
134236 134340
134341 134745
134746 134828
134829 135203
135204 135904
135905 136729
136730 136894
136895 136924
136925 137055
137056 137230
137231 138389
138390 138904
138905 140116
140117 140526
140527 140576
140577 140672
140674 141110
141112 142861
142862 143311
143312 144118
144119 144668
144669 144928
144929 147748
147749 148490
148491 148546
148547 148658
148659 148778
148779 149442
149444 149842
149843 151003
151004 151864
151865 152233
152234 152771
152772 152839
152840 153555
153556 154080
154081 154329
154330 154495
154496 154669
154670 154995
154996 155338
155339 155870
155871 156147
156148 156508
156509 156764
156765 156836
156837 156900
156901 157056
157057 157336
157337 157457
157458 157845
157846 158743
158744 159753
159754 159791
159792 160090
160091 160348
160349 161066
161067 161929
161930 163289
163290 163410
163411 164121
164122 165824
165825 166395
166396 166517
166518 166655
166656 166818
166819 166907
166908 168494
168495 170262
170263 170325
170326 170370
170371 170393
170394 172902
172903 173049
173050 173181
173182 173218
173219 173592
173593 173736
173737 174522
174523 174992
174994 175584
175585 175893
