0 1
2 4238
4239 4251
4252 4434
4435 4480
4481 4570
4571 4692
4693 4728
4729 4774
4775 4822
4824 4878
4879 4957
4958 5108
5109 5192
5193 5278
5279 5306
5307 5839
5840 6215
6216 7137
7139 7592
7593 7919
7920 8682
8683 9223
9224 9843
9844 9903
9904 10706
10707 12097
12098 12316
12317 12585
12586 12819
12820 13857
13858 14098
14099 14576
14578 16273
16274 16934
16935 17646
17647 17854
17856 18257
18258 18452
18453 18700
18701 19385
19386 19850
19851 20128
20129 20318
20319 20924
20925 23046
23047 23116
23117 23447
23448 23865
23866 24187
24189 24527
24528 25498
25499 25570
25571 25703
25704 26857
26858 27587
27588 28910
28911 28953
28954 29032
29034 29140
29141 30278
30280 32470
32472 33194
33195 34111
34112 34557
34558 35821
35822 36033
36034 36259
36260 39032
39033 41146
41147 41659
41660 42384
42385 42926
42927 43328
43329 44205
44206 45411
45412 45551
45552 45779
45780 45939
45940 46776
46777 47471
47473 47821
47822 48410
48411 48492
48493 49414
49415 50200
50201 50452
50453 51025
51027 51106
51107 51228
51230 51377
51378 51697
51699 52744
52745 53428
53430 53512
53513 53584
53585 55678
55680 55875
55876 56017
56018 56083
56084 56784
56785 59736
59737 59948
59949 60047
60048 60273
60274 60449
60450 61249
61250 61632
61633 62715
62717 63482
63483 63942
63943 64198
64200 64727
64728 67039
67040 67557
67559 68182
68183 68863
68864 69457
69458 70891
70892 71276
71277 72314
72315 72496
72497 73156
73158 75533
75534 76457
76458 77713
77715 77820
77821 78509
78510 78763
78764 79108
79109 79153
79154 79835
79836 79924
79925 80005
80006 80142
80143 80363
80364 80726
80728 80935
80937 81508
81510 81657
81658 82352
82353 82612
82613 83695
83696 84327
84328 84792
84793 84954
84955 86479
86480 86698
86700 87339
87340 87703
87704 89116
89117 90013
90014 90331
90332 90912
90913 91022
91024 92018
92019 92158
92159 93088
93089 93175
93176 93231
93232 93369
93370 93425
93426 93869
93870 95809
95810 95977
95978 96020
96021 96241
96242 96464
96465 96996
96997 97782
97783 97921
97923 98770
98772 99051
99052 99862
99863 100087
100088 100588
100589 101011
101012 101123
101125 102962
102963 104257
104258 104814
104816 105369
105370 105919
105920 106104
106105 106709
106711 107471
107472 108905
108906 109932
109933 110529
110530 110772
110773 112168
112169 112960
112961 113408
113409 115424
115425 116133
116134 116255
116256 116374
116375 116861
116862 117621
117622 117818
117819 118867
118868 119169
119170 119470
119471 125161
125163 125677
125678 126966
126968 127081
127082 127222
127223 127306
127307 128235
128236 128717
128718 129806
129807 130013
130014 130438
130439 130627
130628 130714
130715 130896
130897 131197
131198 131343
131344 131469
131470 131824
131826 132096
132097 132271
132272 132332
132333 133183
133184 133394
133395 134229
134230 134407
134408 134576
134577 134675
134676 135322
135324 135425
135426 135633
135634 135701
135702 135796
135797 136099
136100 136432
136433 136497
136498 136753
136754 137709
137710 137864
137865 138614
138615 138739
138740 138816
138817 138879
138881 139212
139213 140111
140112 142526
142527 144803
144804 145039
145040 145263
145264 147255
147256 147857
147858 148225
148226 150083
150084 157116
157117 157385
157386 158600
158601 161155
161156 162345
