0 1549
1551 1594
1595 2548
2549 2774
2775 3025
3026 3224
3225 4183
4184 4521
4522 4605
4606 4647
4648 5009
5010 5756
5757 5862
5863 5999
6001 6146
6147 6249
6250 6640
6641 7151
7152 7279
7280 9699
9700 10422
10423 10551
10552 10889
10890 10914
10916 10998
10999 12112
12113 12162
12163 12351
12352 12651
12652 12995
12996 13297
13298 13506
13507 13616
13617 13793
13794 13911
13912 13967
13968 14074
14075 14129
14130 14204
14205 14220
14221 14331
14332 14370
14371 14520
14521 14722
14723 14854
14855 14877
14878 14909
14910 14923
14924 14992
14993 15086
15087 15162
15163 15184
15185 15201
15202 15248
15249 15269
15270 15293
15294 15329
15330 15365
15366 15416
15417 15450
15451 15536
15537 15620
15621 15629
15630 15646
15647 15744
15745 15767
15768 15861
15862 16200
16201 16347
16348 16364
16365 16422
16423 16465
16466 16520
16521 16572
16573 16722
16723 16782
16783 16827
16828 17070
17071 17125
17126 17862
17863 17909
17910 18052
18053 18120
18121 18188
18189 18224
18225 18355
18356 18415
18416 18469
18470 18630
18631 18632
18633 18760
18761 18814
18815 18888
18889 19012
19013 19085
19086 19245
19246 19281
19282 19490
19491 19546
19547 19613
19614 19689
19690 19752
19753 19900
19901 20261
20262 20502
20503 20599
20600 20742
20743 21249
21250 21496
21497 21741
21742 21886
21887 22136
22137 22615
22616 22736
22737 22848
22849 22996
22997 23349
23350 23760
23761 25655
25656 25788
25789 26010
26011 26264
26265 26905
26906 27137
27138 27179
27180 27273
27274 27447
27448 27734
27735 28082
28083 28477
28478 28683
28684 28737
28738 28822
28823 28920
28921 29074
29075 29101
29102 29156
29157 29185
29186 29311
29312 29609
29610 29633
29634 29645
29646 29675
29676 29716
29717 29778
29779 29808
29809 29857
29858 30753
30754 30800
30801 31353
31354 31555
31556 31585
31586 31616
31617 31652
31653 31757
31758 31794
31795 31882
31883 31914
31915 32140
32141 32607
32608 32627
32628 32728
32729 33457
33458 33660
33661 33746
33747 33803
33804 33973
33974 34044
34045 34389
34390 35161
35162 35269
35270 35337
35338 35468
35469 35514
35515 35796
35797 35879
35880 36260
36261 36338
36339 36607
36608 36670
36671 36802
36803 36900
36901 37078
37079 37130
37131 37356
37357 37402
37403 37416
37417 37452
37453 37492
37493 37621
37622 37659
37660 37726
37727 37768
37769 37831
37832 38346
38347 38403
38404 38538
38539 38581
38582 38617
38618 38815
38816 39092
39093 39221
39222 39285
39286 39712
39713 39982
39983 40343
40344 40405
40406 40437
40438 40453
40454 40476
40477 40518
40519 40561
40562 40605
40606 40636
40637 40668
40669 40716
40717 41231
41232 41259
41260 41298
41299 41378
41379 41440
41441 41467
41468 41521
41522 41552
41553 41769
41770 41792
41793 41921
41922 41979
41980 42016
42017 42043
42044 42095
42096 42121
42122 42142
42143 42325
42326 42349
42350 42360
42361 42383
42384 42416
42417 42444
42445 42458
42459 42484
42485 42498
42499 42564
42565 42620
42621 42665
42666 42827
42828 43012
43013 43045
43046 43112
43113 43423
43424 43555
43556 43612
43613 43634
43635 43655
43656 43684
43685 43779
43780 43854
43855 43917
43918 44010
44011 44102
44103 44119
44120 44137
44138 44150
44151 44196
44197 44341
44342 44394
44395 44620
44621 44772
44773 44857
44858 44925
44926 44995
44996 45288
45289 45332
45333 45486
45487 45570
45571 45601
45602 45933
45934 46365
46366 47087
47088 47207
47208 47862
47863 48019
48020 48270
48271 48350
48351 48669
48670 48798
48799 48849
48850 48959
48960 49058
49059 49380
49381 49515
49516 49944
49945 50357
50358 50414
50415 50458
50459 50618
50619 50711
50712 50993
50994 51008
51009 51088
51089 51599
51600 51849
51850 52157
52158 52301
52302 52406
52407 52510
52511 52754
52755 52797
52798 52925
52926 52975
52976 53003
53004 53263
53264 53327
53328 53396
53397 53440
53441 53557
53558 53598
53599 53663
53664 53792
53793 54085
54086 54173
54174 54269
54270 54583
54584 54771
54772 55050
55051 55253
55254 55272
55273 55341
55342 55382
55383 55456
55457 55536
55537 55603
55604 55685
55686 55902
55903 55932
55933 56057
56058 56174
56175 56768
56769 56879
56880 57001
57002 57054
57055 57948
57949 58187
58188 58262
58263 58335
58336 58673
58674 58846
58847 59512
59513 61367
61368 62343
62344 62780
62781 62938
62939 63832
63833 63923
63924 64271
64272 65770
65771 65803
65804 65837
65838 68122
68123 68777
68778 70472
70473 70578
70579 70793
70794 70873
70874 71176
71177 71514
71515 71768
71769 71826
71827 71904
71905 71950
71951 71994
71995 72030
72031 72103
72104 72162
72163 72198
72199 72821
72822 75665
75666 75750
75751 76314
76315 76340
76341 76374
76375 76585
76586 77088
77089 77220
77221 77345
77346 77399
77400 77607
77608 77711
77712 78037
78038 78098
78099 78145
78147 78366
78367 79358
79359 79827
79828 79899
79900 79972
79973 79993
79994 80046
80047 80090
80091 80143
80144 80171
80172 80214
80215 80243
80244 80287
80288 80370
80371 80388
80389 80419
80420 80475
80476 80511
80512 80617
80618 80625
80626 80674
80675 80792
80793 80821
80822 80874
80875 81011
81012 81179
81180 81849
81850 82193
82194 82218
82219 83280
83281 83419
83420 83431
83432 83456
83457 83546
83547 83613
83615 83643
83644 83715
83716 83844
83845 84000
84001 84221
84222 84251
84252 85477
85478 85908
85909 87279
87280 87404
87405 87617
87618 87886
87887 87964
87965 88516
88517 89198
89199 89599
89600 89710
89711 89756
89757 89783
89784 89806
89807 90412
90413 90429
90430 90561
90562 90594
90595 90688
90690 90749
90750 90789
90790 92047
92048 92096
92097 92346
92347 92379
92380 92533
92534 92868
92869 92916
92917 94561
94563 94684
94685 95035
95036 95180
95181 95247
95248 95285
95286 95317
95318 95487
95488 95922
95923 96066
96067 96615
96616 96676
96677 96767
96768 96832
96833 96957
96958 97001
97002 97026
97027 97105
97106 97229
97230 97349
97350 97621
97622 98255
98256 98487
98488 98621
98622 99205
99206 99243
99244 99466
99467 99762
99763 100453
100454 100489
100490 100520
100521 100592
100593 100660
100661 100764
100765 100794
100795 100907
100908 100996
100997 101035
101036 101093
101094 101217
101218 101508
101509 101787
101788 102484
102485 102570
102571 102692
102693 102723
102724 102760
102761 102779
102780 102810
102811 102939
102940 103016
103017 103218
103219 103424
103425 103853
103854 104656
104657 104706
104707 105130
105131 105514
105515 106349
106350 106470
106471 106539
106540 106603
106604 106677
106678 106718
106719 106834
106835 106987
106988 106989
106990 107518
107519 107856
107857 108000
108001 108056
108057 108253
108254 108572
108573 108748
108749 108796
108797 109025
109026 109062
109063 109259
109260 109296
109297 109998
109999 110868
110869 111687
111688 112429
112430 112643
112644 112732
112733 113126
113127 113196
113197 113294
113295 113701
113702 113855
113856 114084
114085 114182
114183 114257
114258 114761
114762 114801
114802 114852
114853 114911
114912 114929
114930 114961
114962 115085
115086 115114
115115 115123
115124 115134
115135 115156
115157 115188
115189 115196
115197 115230
115231 115362
115363 115703
115704 116075
116076 116216
116217 116263
116264 116342
116343 116701
116702 116928
116929 116983
116984 117028
117029 117113
117114 117187
117188 117207
117208 117225
117226 119039
119040 119538
119539 121151
121152 121652
121653 122373
122374 122450
122451 122576
122577 123399
123400 123761
123762 124221
124222 124778
124779 125608
125609 125722
125723 126675
126676 126810
126811 126892
126893 126912
126913 126945
126946 127012
127013 127037
127038 127485
127486 127515
127516 127570
127571 127654
127655 127666
127667 127715
127716 127912
127913 127971
127972 128014
128015 128032
128033 128281
128282 128312
128313 128370
128371 129284
129285 129456
129457 129766
129767 129965
129966 131199
131200 131592
131593 132285
132286 132829
132830 132987
132988 133278
133279 133483
133484 133616
133617 134238
134239 134427
134428 134689
134690 135186
135187 135997
135998 136920
136921 137588
137589 137739
137740 137867
137868 137929
137930 137989
137990 138024
138025 138475
138476 138506
138507 138596
138597 138637
138638 139000
139001 139051
139052 139120
139121 139203
139204 139430
139431 139507
139508 139585
139586 139597
139598 139609
139610 139621
139622 139633
139634 139647
139648 139659
139660 139671
139672 139727
139728 139742
139743 139763
139764 139843
139844 139853
139854 139911
139912 139926
139927 139961
139962 140101
140102 140143
140144 140211
140212 140294
140295 140363
140364 140468
140469 140584
140585 140752
140753 140808
140809 141040
141041 141072
141073 141100
141101 141493
141494 141535
141536 141671
141672 142639
142640 143084
143085 143424
143425 143763
143764 144160
144161 144213
144214 144589
144590 144820
144821 144910
144911 144981
144982 145122
145123 145172
145173 145211
145212 145271
145272 145319
145320 145394
145395 145518
145519 145562
145563 145764
145765 146062
146063 146289
146290 146493
146494 146704
146705 146788
146789 146938
146939 147044
147045 147357
147358 147508
147509 147679
147680 148069
148070 148261
148262 148365
148366 148417
148418 148484
148485 149384
149385 149413
149414 149446
149447 149883
149884 150047
