0 54
55 140
141 320
321 560
561 800
801 1040
1042 1280
1281 1729
1731 1879
1881 2120
2121 2210
2211 2551
2552 2726
2727 2887
2888 3280
3281 3473
3474 3563
3564 3611
3612 3886
3887 3948
3949 5138
5139 5500
5501 5628
5629 5664
5665 5710
5711 5727
5728 5917
5918 6281
6282 6380
6381 6430
6431 6642
6643 6703
6704 6850
6851 6908
6909 7132
7133 7181
7182 7342
7343 7548
7549 7626
7627 7704
7705 7766
7767 7805
7806 7869
7870 8500
8501 8742
8743 9061
9062 9123
9124 9449
9450 9671
9672 10429
10430 11428
11429 13302
13303 14245
14246 15678
15679 17117
17118 18334
18335 18625
18626 18693
18694 18862
18863 19672
19673 20806
20807 23043
23044 23854
23855 24298
24299 24331
24332 24740
24741 25461
25462 27167
27168 30036
30037 30195
30196 30320
30321 30654
30655 30847
30848 31116
31117 31289
31290 31771
31772 31809
31810 31908
31909 31934
31935 31977
31978 32053
32054 32744
32745 34222
34223 34321
34322 34445
34446 34755
34756 34890
34891 34934
34935 34962
34963 35021
35022 35075
35076 35448
35449 35573
35574 35858
35859 36006
36007 36502
36503 37387
37388 38996
38997 39106
39107 39759
39760 40610
40611 40730
40731 41781
41782 42210
42211 42628
42629 42699
42700 42767
42768 42968
42969 43052
43053 43225
43226 43484
43485 43674
43675 43752
43753 43879
43880 43939
43940 44062
44063 44217
44218 44271
44272 44958
44959 45229
45230 45712
45713 46320
46321 46676
46677 47029
47030 49215
49216 50298
50299 50367
50368 51165
51166 51238
51239 51319
51320 51847
51848 52090
52091 52346
52347 52402
52403 53007
53008 53282
53283 53335
53336 53407
53408 54070
54071 54133
54134 54709
54710 55327
55328 55582
55583 56936
56937 57148
57149 57502
57504 58094
58095 58777
58778 59185
59186 59301
59302 59385
59386 59433
59434 59768
59769 59862
59863 60021
60022 60613
60614 61071
61072 61669
61670 62036
62037 63226
63227 65530
65531 65666
65667 68291
68292 69325
69326 69413
69414 69429
69430 69466
69467 69585
69586 69817
69818 70014
70015 70322
70323 70460
70461 70783
70784 71679
71681 73251
73252 73692
73693 74002
74003 74107
74108 74390
74391 74548
74549 74788
74789 75113
75114 75387
75388 76016
76017 76120
76121 76281
76282 76436
76437 76502
76503 77124
77125 78104
78105 78892
78893 79932
79933 80290
80291 80520
80521 80650
80651 80694
80695 81699
81700 82218
82219 83356
83357 84176
84177 84987
84988 85241
85242 85966
85967 86001
86002 86141
86142 86203
86204 86277
86278 86704
86705 87021
87022 87240
87241 87703
87704 89187
89188 89314
89315 89403
89404 89531
89532 89751
89752 89898
89899 90089
90090 90129
90130 90144
90145 90213
90214 90275
90276 90479
90480 90520
90521 90620
90621 90728
90729 90842
90843 90942
90943 91148
91149 91218
91219 91844
91845 92182
92183 93006
93007 93678
93679 93799
93800 94114
94115 94194
94195 94313
94314 94381
94382 94564
94565 94630
94631 94758
94759 97457
97458 97977
97978 98625
98626 98944
98945 100914
100915 101692
101693 101768
101769 102234
102235 102474
102475 102643
102644 103461
103462 103565
103566 103624
103625 103688
103689 107186
107187 107905
107906 108265
108266 108643
108644 110329
110330 110980
110981 111149
111150 111705
111706 112208
112209 112479
112480 112802
112803 112894
112895 113209
113210 114001
114002 114072
114073 114622
114623 116483
116484 117510
117511 118657
118658 118982
118983 119176
119177 119610
119611 119899
119900 120103
120104 120423
120424 120588
120589 121350
121351 121587
121588 121916
121917 124207
124208 124471
124472 125232
125233 125528
125529 125762
125763 127188
127190 127565
127567 127714
127715 128823
128824 129408
129409 132739
132740 133666
133667 133684
133685 134357
134358 135558
135559 136037
136038 136115
136116 136189
136190 136226
136227 136314
136315 136346
136347 136506
136507 136529
136530 136912
136913 137441
137442 137509
137510 137691
137692 138063
138064 138381
138382 138711
138712 144244
144245 144798
144799 145297
145298 145798
145799 146140
146141 146273
146274 146324
146325 146544
146545 146648
146649 147493
147494 148005
148006 148430
148431 149684
149685 150038
150039 150140
150141 150264
150265 150325
150326 151707
151708 151849
151850 151891
151892 151980
151981 152090
152091 152775
152776 153695
153696 154513
154514 154664
154665 155342
155343 155720
155721 157226
157227 157405
157406 157812
157813 157917
157918 158211
158212 158615
158616 158701
158703 158905
158906 159165
159166 159204
159205 159259
159260 159312
159313 159521
159522 159582
159583 160333
160334 160380
160381 160432
160433 160488
160489 160573
160574 160776
160777 160961
160962 161036
161037 161178
161179 161231
161232 161484
161485 161597
161598 161656
161657 162092
162093 162156
162157 162236
162237 162351
162352 162412
162413 162430
162431 162546
162547 162898
162899 162923
162924 162949
162950 163032
163033 163964
163965 164616
164617 164901
164902 164955
