0 100
102 269
270 516
518 925
926 1460
1462 2480
2481 2974
2976 3307
3308 3537
3538 3709
3710 3905
3906 3976
3977 4048
4049 4164
4165 4236
4237 4283
4284 4349
4350 4532
4533 4705
4706 4917
4918 4958
4959 5001
5002 5493
5494 5623
5624 5722
5723 5765
5766 5840
5841 5890
5891 5956
5957 6027
6028 8006
8007 8127
8128 8719
8721 9729
9731 9814
9815 10076
10078 10153
10154 10226
10228 10310
10311 10488
10489 11056
11057 11133
11134 11276
11277 11365
11366 11459
11460 11623
11624 12600
12601 12903
12904 13114
13115 13248
13249 13380
13381 13456
13457 13622
13623 13830
13831 14565
14566 14643
14644 14760
14761 14841
14842 16226
16227 16509
16510 16650
16651 16728
16729 16892
16893 17385
17386 17823
17824 18004
18005 18861
18862 19521
19522 19658
19659 19726
19727 19874
19875 20130
20131 20223
20224 20275
20276 20359
20360 20656
20657 20731
20732 20960
20961 21346
21347 21783
21784 22344
22345 23070
23071 23197
23198 23727
23728 23795
23796 24037
24038 24103
24104 24191
24192 24570
24571 24760
24761 25094
25095 25406
25407 25530
25531 25602
25603 25660
25661 25765
25766 26107
26108 26732
26733 27081
27082 27386
27387 27556
27557 27712
27713 27988
27989 28279
28280 28388
28389 28686
28687 28725
28726 29137
29138 29312
29313 29647
29648 29780
29781 29875
29876 31361
31362 31417
31418 31659
31660 31935
31936 32099
32100 32471
32472 32722
32723 33107
33108 33358
33359 33897
33898 33982
33983 34298
34299 34429
34430 34440
34441 34567
34568 37232
37233 37683
37684 37817
37818 38721
38722 39062
39063 39275
39276 39324
39325 39541
39542 39591
39592 39975
39976 40043
40044 40406
40407 40921
40922 40982
40983 41038
41039 41092
41093 41591
41592 41675
41676 42942
42943 43516
43517 43700
43701 44120
44121 44173
44174 45004
45005 45054
45055 45214
45215 45261
45262 45355
45356 45389
45390 45744
45745 45917
45918 46066
46068 46640
46642 46799
46800 47407
47408 47468
47469 47614
47615 47691
47692 47810
47811 47844
47845 47884
47885 47930
47931 47948
47949 47998
47999 48059
48060 48294
48295 48443
48444 48482
48483 48544
48545 48738
48739 49170
49171 49293
49294 49405
49406 49483
49484 49557
49558 49619
49620 49974
49975 50383
50384 50556
50557 50713
50714 50775
50776 50890
50891 51002
51003 51163
51164 51202
51203 51334
51335 51430
51431 52011
52012 52186
52187 52239
52240 52572
52573 52672
52673 52807
52808 52854
52855 53061
53062 53131
53132 53362
53363 53474
53475 53602
53603 53687
53688 54063
54064 54701
54702 54919
54920 56151
56152 56309
56310 56987
56988 57524
57525 57944
57945 58049
58050 58163
58164 58223
58224 58305
58306 58501
58502 58844
58845 58908
58909 58968
58969 59032
59033 59170
59171 59702
59703 60330
60331 60574
60575 60633
60634 60730
60731 60858
60859 61819
61820 62070
62071 62424
62425 62631
62632 62738
62739 62854
62855 62934
62935 63194
63195 63247
63248 63356
63357 63411
63412 63626
63627 63725
63726 63831
63832 64338
64339 64561
64562 64672
64673 64784
64785 64961
64962 65363
65364 65404
65405 65767
65768 65985
65986 66174
66175 66605
66606 67052
67053 67220
67221 67400
67401 67570
67571 67638
67639 67786
67787 68401
68402 68688
68689 69150
69151 69421
69422 69677
69678 69771
69772 69909
69910 70058
70059 70318
70319 70432
70433 70880
70881 70972
70973 71309
71310 71516
71517 71839
71840 71906
71907 72017
72018 72104
72105 72374
72375 72696
72697 72851
72852 72978
72979 73182
73183 73711
73712 73807
73808 73940
73941 74926
74927 75768
75769 75863
75864 77071
77072 77172
77173 77917
77918 79678
79679 80888
80889 81089
81090 81448
81449 81895
81896 82756
82757 83412
83413 83457
83458 83796
83797 83911
83912 83964
83965 84031
84032 84144
84145 84242
84243 86119
86120 86532
86533 86665
86666 87179
87180 87225
87226 87292
87293 87755
87756 87852
87853 87985
87986 88043
88044 88342
88343 88482
88483 88538
88539 88593
88594 88889
88890 89996
89997 90176
90177 90533
90534 90789
90790 90826
90827 91404
91405 92002
92003 92100
92101 92487
92488 92539
92540 92600
92601 92649
92650 93410
93412 93463
93464 93803
93804 93918
93920 94295
94296 94537
94539 94622
94623 95026
95027 95387
95388 96033
96034 96674
96675 97303
97304 97331
97332 97354
97355 97414
97415 97550
97551 97706
97707 97880
97881 97989
97990 98131
98132 98313
98314 98496
98497 98953
98955 98994
98995 99093
99094 99159
99160 99204
99205 99369
99370 99448
99449 99735
99736 99801
99802 99844
99845 99961
99962 100014
100015 100290
100291 100423
100424 100515
100516 100638
100639 100865
100866 100867
100868 101095
101096 101509
101510 101676
101677 101849
101850 101851
101852 102051
102052 102328
102329 102437
102438 102681
102682 102905
102906 103072
103073 103529
103530 103531
103532 103786
103787 104141
104142 104231
104232 104338
104339 104400
104401 104592
104593 105236
105237 105319
105320 105607
105608 105785
105786 106278
106279 106453
106454 106565
106567 106678
106679 106750
106752 107242
107243 107682
107683 107811
107812 108658
108659 108776
108777 108838
108839 109055
109056 109177
109178 109654
109655 109738
109739 110104
110105 110276
110277 110706
110707 110873
110874 111767
111768 111770
111771 112501
112502 112702
112703 112821
112822 112911
112912 115196
115197 115965
115966 116080
116081 116641
116642 116840
116841 119938
119939 120630
120631 120864
120865 121088
121089 122092
122093 123156
123157 125122
125123 125569
125570 126201
126202 126654
126655 126750
126751 126981
126982 127082
127083 127198
127199 128249
128250 128498
128499 129043
129044 129090
129091 129143
129144 129177
129178 129325
129326 129410
129411 129513
129514 129672
129673 130477
130478 131076
131077 131134
131135 131248
131249 131333
131334 131416
131417 131552
131553 131858
131859 132005
132006 132078
132079 132239
132240 132400
132401 132522
132523 132801
132802 133593
133594 134027
134028 135194
135195 135255
135256 135326
135327 135694
135695 135815
135816 135859
135860 136342
136343 136652
136653 136759
136760 137045
137046 137247
137248 137332
137333 137757
137758 137883
137884 137959
137960 138086
138087 138140
138141 138406
138407 138585
138586 138972
138973 139013
139014 139152
139153 140125
140126 140260
140261 140586
140587 140903
140904 141030
141031 141150
141151 141242
141243 141402
141403 141899
141900 141924
141925 142030
142031 142391
142392 142506
142507 142772
142773 143495
143496 144641
144642 144735
144736 144791
144792 145135
145136 145356
145357 146086
146087 146434
146436 146704
146705 148015
148016 148114
148115 148812
148813 149252
149253 149601
149602 149848
149849 149969
149970 150651
150652 150756
150757 151141
151142 151274
151275 151337
151338 151484
151485 151619
151620 151874
151875 152047
152048 152122
152123 152201
152202 152228
152229 152270
152271 152323
152324 152443
152444 152574
152575 152684
152685 152733
152734 152804
152805 152845
152846 152919
152920 152992
152993 153081
153082 153140
153141 153297
153298 153533
153534 153806
153807 153960
153961 154204
154205 154403
154404 154652
154653 154908
154909 155069
155070 155178
155179 155424
155425 155504
155505 155543
155544 155644
155645 155760
155761 155849
155850 155937
155938 156675
156676 156785
156786 157057
157058 159458
159459 159525
159526 159903
159904 160453
160454 160942
160943 160995
160996 161240
161241 161242
161243 161349
161350 161397
161398 161433
161434 161489
161490 161548
161549 161775
161776 161843
161844 162045
162046 162104
162105 162792
162793 162847
162848 162890
162891 163234
163235 163599
163600 163727
163728 164245
164246 164500
164501 164706
164707 164863
164864 164915
164916 165097
165098 165150
165151 165466
165467 165791
165792 166051
166052 166176
166177 167336
167337 167422
167423 167568
167569 167880
167881 168104
168105 168210
168211 168337
168338 168477
168478 168684
168685 168748
168749 168823
168824 168889
168890 168968
168970 169269
169270 170321
170322 170344
