0 2810
2811 2971
2972 3130
3131 3338
3339 3536
3537 3762
3763 3856
3857 3959
3960 4057
4058 4284
4285 4460
4461 4637
4638 4744
4745 4816
4817 5708
5709 5812
5813 6519
6520 6681
6682 6860
6861 7001
7002 7153
7154 7324
7325 7608
7609 7923
7924 8003
8004 10084
10085 10132
10133 10627
10628 11233
11234 11343
11344 11971
11972 12052
12053 12261
12262 12337
12338 12406
12407 12733
12734 12936
12937 13140
13141 13278
13279 13449
13450 13576
13577 13632
13633 13670
13671 13875
13876 14094
14095 14220
14221 14471
14472 14752
14753 14822
14823 15036
15037 15291
15292 15686
15687 15784
15785 15875
15876 16414
16415 16509
16510 16825
16826 16909
16910 16977
16978 17049
17050 19484
19485 19637
19638 20033
20034 20320
20321 20562
20563 20658
20659 21277
21278 21328
21329 21394
21395 21535
21536 21607
21608 21738
21739 21767
21768 21819
21820 22051
22052 22899
22900 22928
22929 23195
23196 23236
23237 23392
23393 23453
23454 23682
23683 23810
23811 23872
23873 23923
23924 24185
24186 24207
24208 24341
24342 24581
24582 24822
24823 25033
25034 25082
25083 25149
25150 25194
25195 25455
25456 25728
25729 27264
27265 28351
28352 28423
28424 28940
28941 29037
29038 29235
29236 29289
29290 29704
29705 29788
29789 29918
29919 29938
29939 29956
29957 30029
30030 30174
30175 30412
30413 30528
30529 30662
30663 30736
30737 30917
30918 31076
31077 31154
31155 31503
31504 31610
31611 32232
32233 34507
34508 34705
34706 34781
34782 35176
35177 35286
35287 35598
35599 36344
36345 36383
36384 36454
36455 36615
36616 36688
36689 36868
36869 37009
37010 37328
37329 37395
37396 37512
37513 37641
37642 37724
37725 37864
37865 38222
38223 38377
38378 38488
38489 38804
38805 38904
38905 39655
39656 39807
39808 39917
39918 39971
39972 40044
40045 40219
40220 40315
40316 40361
40362 40408
40409 40477
40478 40923
40924 41689
41690 42222
42223 42975
42976 43122
43123 43171
43172 43254
43255 43532
43533 43625
43626 43709
43710 43770
43771 43813
43814 43968
43969 44824
44825 44901
44902 45038
45039 45109
45110 45237
45238 46483
46484 46523
46524 46699
46700 46820
46821 46882
46883 47023
47024 47203
47204 47306
47307 47742
47743 48540
48541 48597
48598 48635
48636 48664
48665 49051
49052 49676
49677 49790
49791 49916
49917 51009
51010 52139
52140 52429
52430 52532
52533 52585
52586 53232
53234 53351
53352 53494
53495 53733
53734 54318
54319 54494
54495 54717
54718 55616
55617 55915
55916 56232
56233 57877
57878 58458
58459 58828
58829 59131
59132 59216
59217 59300
59301 59343
59344 59428
59429 59513
59514 59551
59552 59603
59604 59699
59700 60017
60018 60260
60261 60342
60343 60487
60488 60564
60565 60697
60698 60859
60860 60877
60878 60898
60899 60954
60955 61094
61095 61212
61213 61316
61317 61458
61459 61599
61600 61988
61989 62210
62211 62322
62323 62512
62513 62700
62701 62787
62788 62991
62992 63091
63092 63467
63468 64186
64187 64788
64789 65110
65111 65181
65182 65229
65230 65297
65298 65418
65419 65454
65455 65545
65546 65585
65586 65651
65652 65718
65719 65840
65841 65893
65894 65987
65988 66093
66094 66153
66154 66180
66181 66205
66206 66280
66281 67016
67017 67193
67194 67263
67264 67373
67374 67626
67627 67669
67670 67779
67780 67918
67919 68450
68451 68538
68539 68605
68606 68691
68692 68939
68940 69087
69088 69226
69227 69638
69639 69699
69700 69818
69819 69934
69935 70007
70008 70101
70102 70234
70235 70435
70436 71277
71278 71524
71525 72212
72213 72269
72270 72335
72336 72908
72909 72983
72984 73018
73019 73099
73100 73191
73192 73279
73280 73310
73311 73355
73356 73495
73496 73617
73618 73705
73706 73821
73822 74089
74090 74199
74200 74289
74290 74434
74435 74556
74557 74643
74644 74809
74810 75318
75319 75409
75410 75606
75608 75743
75744 76272
76273 76337
76338 77958
77959 78025
78026 78197
78198 78272
78273 78322
78323 78393
78394 78666
78667 78792
78793 79125
79126 79194
79195 79287
79288 79338
79339 80828
80829 80948
80949 80973
80974 81411
81412 81452
81453 81650
81651 81968
81969 82165
82166 82235
82236 82485
82486 82728
82729 82887
82888 83061
83062 83273
83274 85179
85180 85327
85328 86000
86001 86061
86062 86127
86128 86201
86202 86245
86246 86385
86386 86440
86441 86495
86496 86621
86622 86736
86737 86773
86774 86911
86912 86998
86999 87384
87385 87441
87442 87527
87528 87556
87557 88676
88677 88723
88724 88751
88752 88911
88912 89046
89047 89301
89302 89425
89426 89806
89807 89876
89877 90058
90059 90116
90117 90442
90443 90525
90526 90617
90618 90705
90706 91002
91003 91315
91316 91664
91665 91812
91813 91970
91971 92057
92058 92120
92121 92256
92257 92373
92374 92539
92540 92618
92619 92698
92699 92767
92768 93347
93348 93807
93808 94138
94139 94464
94465 94493
94494 94532
94533 94599
94600 94666
94667 94862
94863 94927
94928 95011
95012 95065
95066 95095
95096 95175
95176 95333
95334 95503
95504 95711
95712 95844
95845 95922
95923 96172
96173 96235
96236 96436
96437 96636
96637 96682
96683 96729
96730 96889
96890 96959
96960 97033
97034 97107
97108 97193
97194 97485
97486 97567
97568 97670
97671 97965
97966 98036
98037 98132
98133 98167
98168 98358
98359 98514
98515 99062
99063 99162
99163 99438
99439 99527
99528 99631
99632 99707
99708 99866
99867 99975
99976 100012
100013 100225
100226 100332
100333 100366
100367 100413
100414 100502
100503 100539
100540 100694
100695 100814
100815 101137
101138 101224
101225 101273
101274 101455
101456 101572
101573 101732
101733 101831
101832 101950
101951 101999
102000 102164
102165 102272
102273 102353
102354 102431
102432 102506
102507 102593
102594 102637
102638 102714
102715 103186
103187 103373
103374 103444
103445 103554
103555 103660
103661 103930
103931 104194
104195 104311
104312 104384
104385 104581
104582 104602
104603 104623
104624 104672
104673 104714
104715 104759
104760 104801
104802 104824
104825 104841
104842 104992
104993 105089
105090 105192
105193 105217
105218 105257
105258 105302
105303 105397
105398 105449
105450 105498
105499 105578
105579 105615
105616 105697
105698 105773
105774 105789
105790 105824
105825 105911
105912 105979
105980 106017
106018 106057
106058 106205
106206 106260
106261 106338
106339 106374
106375 106426
106427 106458
106459 106533
106534 106592
106593 106720
106721 106856
106857 107013
107014 107145
107146 107247
107248 107340
107341 107416
107417 107551
107552 107654
107655 107941
107942 108133
108134 108146
108147 108209
108210 108360
108361 108397
108398 108409
108410 108435
108436 108777
108778 108814
108815 109132
109133 109184
109185 109274
109275 109432
109433 109574
109575 109710
109711 109762
109763 109809
109810 110090
110091 110224
110225 110319
110320 110462
110463 110551
110552 110675
110676 110765
110766 110781
110782 110799
110800 110808
110809 110824
110825 110854
110855 110879
110880 110891
110892 110956
110957 110972
110973 111006
111007 111057
111058 111082
111083 111154
111155 111179
111180 111302
111303 111716
111717 111816
111817 111839
111840 111871
111872 111979
111980 112082
112083 112265
112266 112343
112344 112427
112428 112454
112455 112550
112551 112608
112609 112650
112651 112720
112721 112856
112857 113110
113111 113289
113290 113327
113328 113478
113479 113567
113568 113618
113619 113723
113724 114122
114123 114462
114463 114560
114561 114623
114624 114671
114672 114943
114944 114983
114984 115014
115015 115067
115068 115100
115101 115164
115165 115237
115238 115308
115309 115462
115463 115497
115498 115583
115584 115707
115708 115909
115910 115986
115987 116063
116064 116112
116113 116166
116167 116236
116237 116274
116275 116318
116319 116552
116553 116634
116635 116683
116684 116782
116783 116846
116847 116910
116911 116979
116980 117038
117039 117080
117081 117354
117355 117413
117414 117478
117479 117545
117546 117742
117743 117924
117925 118024
118025 118181
118182 118230
118231 118274
118275 118333
118334 118375
118376 118540
118541 118570
118571 118630
118631 118714
118715 121047
121049 121142
121143 121219
121220 122397
122398 122534
122535 122672
122673 123149
123150 123283
123284 123351
123352 123626
123627 123680
123681 123705
123706 123799
123800 124015
124016 124045
124046 124165
124166 124419
124420 124711
124712 125115
125116 125161
125162 125282
125283 125437
125438 125560
125561 125639
125640 125807
125808 125986
125987 126094
126095 126421
126422 126733
126734 126806
126807 126955
126956 127064
127065 127135
127136 127372
127373 127492
127493 127578
127579 127623
127624 127673
127674 127758
127759 127829
127830 127858
127859 127921
127922 128086
128087 128113
128114 128340
128341 128367
128368 128425
128426 128442
128443 128477
128478 128825
128826 128865
128866 128900
128901 128977
128978 128993
128994 129029
129030 129052
129053 129105
129106 129172
129173 129235
129236 129284
129285 129449
129450 129521
129522 129855
129856 129938
129939 129974
129975 130093
130094 130318
130319 130346
130347 130461
130462 131399
131400 131505
131506 131531
131532 131561
131562 131601
131602 131756
131757 131853
131854 131879
131880 131913
131914 132043
132044 132096
132097 132172
132173 132243
132244 132256
132257 132310
132311 132649
132650 132664
132665 132722
132723 132805
132806 132847
132848 132936
132937 133452
133453 133502
133503 133527
133528 133564
133565 133729
133730 133773
133774 133792
133793 133928
133929 133988
133989 134025
134026 134116
134117 134439
134440 134483
134484 134518
134519 134572
134573 134816
134817 134884
134885 134960
134961 135733
135734 137796
137797 138246
138247 138387
138388 138714
138715 138844
138845 138892
138893 139016
139017 139218
139219 139327
139328 139490
139491 139600
139601 139950
139951 140503
140504 140630
140631 140969
140970 141111
141112 141248
141249 141295
141296 141594
141595 141757
141758 142421
142422 142506
142507 142535
142536 142569
142570 142610
142611 142761
142762 142809
142810 142919
142920 142948
142949 143036
143037 143090
143091 143131
143132 143237
143238 143279
143280 143348
143349 143365
143366 143482
143483 143512
143513 143556
143557 143607
143608 143629
143630 143675
143676 143690
143691 143802
143803 143853
143854 143899
143900 143937
143938 144123
144124 144500
144501 144613
144614 144684
144685 144724
144725 144883
144884 145440
145441 145513
145514 145538
145539 145588
145589 145609
145610 145645
145646 145718
145719 145762
145763 145804
145805 146351
146352 146460
146461 146632
146633 146828
146829 146871
146872 147155
147156 147417
147418 147563
147564 147830
147831 148125
148126 148278
148279 148543
148544 148870
148871 149091
149092 149147
149148 149261
149262 149384
149385 149904
149905 150089
150090 150282
150283 150375
150376 150674
150675 150771
150772 151964
151965 152060
152061 152263
152264 152425
152426 152796
152797 152860
152861 153333
153334 153773
153774 154500
154501 154733
154734 155875
