0 1812
1814 2052
2053 2171
2173 2273
2274 3409
3410 3591
3592 3833
3834 4042
4043 4071
4072 4298
4300 4329
4331 4874
4875 5146
5147 5254
5255 5514
5515 5652
5653 6143
6144 6253
6254 6471
6472 6672
6673 6771
6772 7011
7012 7141
7142 7348
7349 7469
7470 7628
7629 7695
7696 7804
7805 7882
7883 8049
8050 8135
8136 8227
8228 8284
8285 8347
8348 8423
8424 8483
8484 8551
8552 8625
8626 8706
8707 8736
8737 8797
8798 8863
8864 8898
8899 8955
8956 9020
9021 9125
9126 9173
9174 9268
9269 9328
9329 9382
9383 9476
9477 9595
9596 9760
9761 9819
9820 9863
9864 9896
9897 9954
9955 9989
9990 10044
10045 10075
10076 10247
10248 10403
10404 10587
10588 10668
10669 10759
10760 10865
10866 10918
10919 11129
11130 11295
11296 11334
11335 11439
11440 11519
11520 11671
11672 11837
11838 11933
11934 11958
11959 12006
12007 12039
12040 12223
12224 12290
12291 12328
12329 12450
12451 12515
12516 12613
12614 12677
12678 12741
12742 12779
12780 12840
12841 12915
12916 12993
12994 13337
13338 13427
13428 13488
13489 13511
13512 13563
13564 13608
13609 13842
13843 13909
13910 14113
14114 14190
14191 14267
14268 14336
14337 14382
14383 14438
14439 14527
14528 14579
14580 14629
14630 14669
14670 14816
14817 14863
14864 14935
14936 15046
15047 15089
15090 15174
15175 15236
15237 15283
15284 15362
15363 15460
15461 15625
15626 15676
15677 15802
15803 15857
15858 15915
15916 16939
16940 17104
17105 17178
17179 17341
17342 17541
17542 17724
17725 17849
17850 18128
18129 18251
18252 18439
18440 18562
18563 18777
18778 18931
18932 19166
19167 19270
19271 19382
19383 19590
19591 19850
19851 20130
20131 20574
20575 20806
20807 20931
20932 20986
20987 21073
21074 21163
21164 21271
21272 21322
21323 21389
21390 21533
21534 21703
21704 21744
21745 21981
21982 22137
22138 22215
22216 22632
22633 23213
23214 23419
23420 23753
23754 23838
23839 23918
23919 23972
23973 24134
24135 24255
24256 24320
24321 24363
24364 24425
24426 24476
24477 24533
24534 24570
24571 24620
24621 24731
24732 24851
24852 24894
24895 24977
24978 25021
25022 25055
25056 25107
25108 25168
25169 25208
25209 25252
25253 25306
25307 25510
25511 25613
25614 25680
25681 25716
25717 25904
25905 26006
26007 26090
26091 26130
26131 26182
26183 26314
26315 26414
26415 26469
26470 26532
26533 26710
26711 26826
26827 26963
26964 27001
27002 27069
27070 27163
27164 27221
27222 27349
27350 27382
27383 27437
27438 27486
27487 27586
27587 27791
27792 27889
27890 28087
28088 28199
28200 28269
28270 28317
28318 28368
28369 28418
28419 28488
28489 28536
28537 28577
28578 28613
28614 28653
28654 28795
28796 28878
28879 28959
28960 29109
29110 29204
29205 29477
29478 29542
29543 29590
29591 29690
29691 29765
29766 29832
29833 29876
29877 29927
29928 29984
29985 30012
30013 30159
30160 30197
30198 30261
30262 30297
30298 30393
30394 30464
30465 30596
30597 30625
30626 30672
30673 30742
30743 30805
30806 30838
30839 30925
30926 31129
31130 31191
31192 31308
31309 31360
31361 31408
31409 31505
31506 31539
31540 31590
31591 31651
31652 31694
31695 31746
31747 31798
31799 31856
31857 31895
31896 32087
32088 32140
32141 32220
32221 32269
32270 32371
32372 32480
32481 32587
32588 32710
32711 32856
32857 32892
32893 32922
32923 32950
32951 33044
33045 33077
33078 33277
33278 33724
33725 33907
33908 33939
33940 34095
34096 34130
34131 34344
34345 34427
34428 34603
34604 34645
34646 34752
34753 34836
34837 34887
34888 34947
34948 35025
35026 35104
35105 35204
35205 35280
35281 35347
35348 35861
35862 35986
35987 36060
36061 36116
36117 36199
36200 36333
36334 36434
36435 36637
36638 36747
36748 36796
36797 36842
36843 37019
37020 37149
37150 37192
37193 37235
37236 37273
37274 37311
37312 37332
37333 37399
37400 37465
37466 37535
37536 37611
37612 37756
37757 37945
37946 37980
37981 38057
38058 38128
38129 38245
38246 38318
38319 38388
38389 38500
38501 38702
38703 38840
38841 38913
38914 38995
38996 39202
39203 39249
39250 39485
39486 39546
39547 39615
39616 39757
39758 39823
39824 40084
40085 40223
40224 40284
40285 40340
40341 40402
40403 40477
40478 40643
40644 40680
40681 40751
40752 41047
41048 41099
41100 41127
41128 41215
41216 41341
41343 41545
41547 41934
41935 42676
42678 43914
43917 44012
44014 44253
44254 44703
44705 44929
44930 45189
45192 45612
45614 45787
45790 45877
45880 46238
46240 46330
46332 46765
46766 47266
47268 47507
47508 47844
47845 48563
48564 48671
48673 49518
49519 49569
49570 49597
49598 49687
49688 49766
49767 50079
50080 50155
50156 50277
50278 50351
50352 50397
50398 50488
50489 50595
50596 50787
50788 50872
50873 50938
50939 51045
51046 51107
51108 51159
51160 51242
51243 51359
51360 51433
51434 51463
51464 51519
51520 51551
51552 51710
51711 51732
51733 51882
51883 51924
51925 51971
51972 52004
52005 52065
52066 52137
52138 52193
52194 52257
52258 52308
52309 52357
52358 52410
52411 52452
52453 52530
52531 52573
52574 52664
52665 52700
52701 52845
52846 52917
52918 53095
53096 53146
53147 53262
53263 54156
54157 54220
54221 54839
54840 54977
54978 55137
55138 55219
55220 55296
55297 55419
55420 55462
55463 55511
55512 55795
55796 55942
55943 56041
56042 56189
56190 56265
56266 56315
56316 56409
56410 56481
56482 56651
56652 56771
56772 56832
56833 56881
56882 56923
56924 56986
56987 57269
57270 57431
57432 57507
57508 57604
57605 57698
57699 57751
57752 57893
57894 57989
57990 58088
58089 58185
58186 58255
58256 58316
58317 58393
58394 58486
58487 58912
58913 59245
59246 59423
59424 59903
59904 59973
59974 60816
60817 61117
61118 61264
61265 61439
61440 61619
61620 61745
61746 61869
61870 61990
61991 62299
62300 62365
62366 62409
62410 62548
62549 62626
62627 62733
62734 62788
62789 62813
62814 62913
62914 63007
63008 63505
63506 63578
63579 63973
63974 64181
64182 64259
64260 64284
64285 64310
64311 64585
64586 64610
64611 64636
64637 64661
64662 64785
64786 64834
64835 64908
64909 65205
65206 65248
65249 65313
65314 65354
65355 65402
65403 65461
65462 65486
65487 65513
65514 65642
65643 65694
65695 65734
65735 65845
65846 65920
65921 65968
65969 66022
66023 66064
66065 66108
66109 66145
66146 66187
66188 66237
66238 66305
66306 66448
66449 66487
66488 66634
66635 66679
66680 66714
66715 66760
66761 66800
66801 66835
66836 66878
66879 66954
66955 67019
67020 67060
67061 67110
67111 67136
67137 67176
67177 67199
67200 67261
67262 67361
67362 67425
67426 67514
67515 67598
67599 67663
67664 67718
67719 67817
67818 67854
67855 67893
67894 67921
67922 67960
67961 67993
67994 68030
68031 68069
68070 68116
68117 68159
68160 68190
68191 68232
68233 68283
68284 68600
68601 68712
68713 68756
68757 68997
68998 69059
69060 69117
69118 69189
69190 69314
69315 69459
69460 69565
69566 69722
69723 69778
69779 69874
69875 69944
69945 70010
70011 70053
70054 70129
70130 70168
70169 70233
70234 70340
70341 70482
70483 70609
70610 70683
70684 70827
70828 70853
70854 70880
70881 71075
71076 71133
71134 71181
71182 71268
71269 71470
71471 71532
71533 71729
71730 71814
71815 71874
71875 71925
71926 71983
71984 72558
72559 72602
72603 72661
72662 72765
72766 73402
73403 73509
73510 73710
73711 73784
73785 73919
73920 74117
74118 74173
74174 74307
74308 74363
74364 74416
74417 74571
74572 74654
74655 74806
74807 74872
74873 74943
74944 75002
75003 75095
75096 75205
75206 75247
75248 75281
75282 75314
75315 75402
75403 75441
75442 76016
76017 76095
76096 76610
76611 76698
76699 77104
77105 77147
77148 77184
77185 77229
77230 77278
77279 77323
77324 77350
77351 77475
77476 77596
77597 77612
77613 77681
77682 77718
77719 77813
77814 77840
77841 77999
78000 78067
78068 78130
78131 78173
78174 78223
78224 78298
78299 79975
79976 80040
80041 80166
80167 80218
80219 80406
80407 80462
80463 80523
80524 80578
80579 80607
80608 80641
80642 80731
80732 80761
80762 80822
80823 80883
80884 81008
81009 81038
81039 81124
81125 81370
81371 81403
81404 81436
81437 82532
82533 82675
82676 82834
82835 83381
83382 83525
83526 83946
83947 84015
84016 84117
84118 84200
84201 84287
84288 84342
84343 84441
84442 84491
84492 84703
84704 84784
84785 84866
84867 85127
85128 85304
85305 85400
85401 85612
85613 85747
85748 85958
85959 86039
86040 87244
87245 87414
87415 87654
87655 87829
87830 88092
88093 88194
88195 88547
88548 88608
88609 88731
88732 88899
88900 89009
89010 89407
89408 89608
89609 89705
89706 89800
89801 90125
90126 90193
90194 90442
90443 90667
90668 90919
90920 90995
90996 91120
91121 91322
91323 91486
91487 91547
91548 91600
91601 92069
92070 92322
92323 92411
92412 92524
92525 93227
93228 93302
93303 93388
93389 93475
93476 94713
94714 95516
95517 95893
95894 95965
95966 96036
96037 96101
96102 96159
96160 96227
96228 96304
96305 96886
96887 97392
97393 97444
97445 97506
97507 97553
97554 97602
97603 97688
97689 97802
97803 98021
98022 98410
98411 98433
98434 98725
98726 98843
98844 99047
99048 99173
99174 99257
99258 99908
99909 100233
100234 100500
100501 100554
100555 100821
100822 100888
100889 101000
101001 101040
101041 101111
101112 101341
101342 101496
101497 101642
101643 101783
101784 102094
102095 102143
102144 102181
102182 102220
102221 102364
102365 102466
102467 102503
102504 102567
102568 102621
102622 102701
102702 102762
102763 103026
103027 103066
103067 103265
103266 103396
103397 103577
103578 103634
103635 103721
103722 103762
103763 104149
104150 104281
104282 104491
104492 104604
104605 104667
104668 104783
104784 105217
105218 105395
105396 105585
105586 105659
105660 106192
106193 106292
106293 106659
106660 106832
106833 107239
107240 107907
107908 107986
107987 108083
108084 108182
108183 108372
108373 108803
108804 108872
108873 109032
109033 109076
109077 109268
109269 109303
109304 109412
109413 109447
109448 109550
109551 109583
109584 109639
109640 109678
109679 109745
109746 109781
109782 109859
109860 109896
109897 109984
109985 110021
110022 110075
110076 110125
110126 110215
110216 110235
110236 110278
110279 110318
110319 110353
110354 110387
110388 110478
110479 110515
110516 111020
111021 111457
111458 111695
111696 112021
112022 112314
112315 112559
112560 112694
112695 112798
112799 112895
112896 112934
112935 113024
113025 113150
113151 113233
113234 113446
113447 113508
113509 113602
113603 113652
113653 113735
113736 113819
113820 114016
114017 114086
114087 114458
114459 114568
114569 114673
114674 114760
114761 114828
114829 114878
114879 114944
114945 114977
114978 115027
115028 115065
115066 115175
115176 115260
115261 115396
115397 115496
115497 115635
115636 115683
115684 115714
115715 115790
115791 116425
116426 116499
116500 116652
116653 116774
116775 116915
116916 117045
117046 117190
117191 117368
117369 117416
117417 117448
117449 117718
117719 117750
117751 117807
117808 117846
117847 117888
117889 117987
117988 118180
118181 118227
118228 118367
118368 118547
118548 118657
118658 119076
119077 119132
119133 119351
119352 119461
119462 119607
119608 119733
119734 119813
119814 119913
119914 119962
119963 120051
120052 120098
120099 120185
120186 120238
120239 120727
120728 120866
120867 120939
120940 120969
120970 121237
121238 121425
121426 121538
121539 121608
121609 121686
121687 121800
121801 122046
122047 122188
122189 122443
122444 122510
122511 122704
122705 122755
122756 122945
122946 123089
123090 123195
123196 123246
123247 123432
123433 123675
123676 123775
123776 124054
124055 124142
124143 124284
124285 124483
124484 124577
124578 125221
125222 125302
125303 125513
125514 125609
125610 125820
125821 125880
125881 126188
126189 126465
126466 126605
126606 126748
126749 127413
127414 127528
127529 127639
127640 127691
127692 127835
127836 128017
128018 128184
128185 128311
128312 128435
128436 128639
128640 128931
128932 129058
129059 129215
129216 129261
129262 129536
129537 129638
129639 129744
129745 129801
129802 129997
129998 130052
130053 130346
130347 130416
130417 130582
130583 130647
130648 130804
130805 130856
130857 131069
131070 131192
131193 131396
131397 131448
131449 131530
131531 131585
131586 131720
131721 131849
131850 131898
131899 132073
132074 132222
132223 132592
132593 132651
132652 132873
132874 133209
133210 133290
133291 133374
133375 133435
133436 133592
133593 133791
133792 134173
134174 134450
134451 134688
134689 134753
134754 134882
134883 135174
135175 135253
135254 137239
137240 137884
137885 137975
137976 138137
138138 138182
138183 138284
138285 138457
138458 138651
138652 138724
138725 138768
138769 138804
138805 138838
138839 138923
138924 138978
138979 139178
139179 139378
139379 139576
139577 139676
139677 139876
139877 139976
139977 140273
140274 140479
140480 140675
140676 140777
140778 140877
140878 140971
140972 141071
141072 141122
141123 141172
141173 141225
141226 141327
141328 141471
141472 141562
141563 141766
141767 141863
141864 141912
141913 141960
141961 142047
142048 142149
142150 142176
142177 143144
143145 143283
143284 143586
143587 143703
143704 143759
143760 143808
143809 143865
143866 143928
143929 144022
144023 144074
144075 144118
144119 144203
144204 144452
144453 145097
145098 145151
145152 145203
145204 145272
145273 145914
145915 145996
145997 146078
146079 146143
146144 146231
146232 146418
146419 146525
146526 146998
146999 147223
147224 147704
147705 148026
148027 148217
148218 148623
148624 148722
148723 148874
148875 149105
149106 149261
149262 149627
149628 149681
149682 149948
149949 150182
150183 150566
150567 150610
150611 150674
150675 150904
150905 151049
151050 151243
151244 151440
151441 151525
151526 151680
151681 151748
151749 151812
151813 151909
151910 152279
152280 152388
152389 152650
152651 152840
152841 153352
153353 153497
153498 153613
153614 153683
153684 153801
153802 153854
153855 154390
154391 154703
154704 154810
154811 154888
154889 155162
155163 155325
155326 155719
155720 155975
155976 156198
156199 156368
156369 156412
156413 157420
157421 157556
157557 157626
157627 157723
157724 157829
157830 158064
158065 158357
158358 159577
